3, 1, 18, 16, 19, 6, 7, 13, 18, 2, 10, 8, 14, 12, 12, 12, 3, 2, 16, 12, 19, 11, 15, 9, 14, 11, 10, 17, 7, 4, 15, 20, 7, 12, 2, 12, 9, 9, 4, 5, 16, 20, 16, 10, 8, 16, 8, 15, 12, 17, 4, 5, 18, 12, 19, 16, 20, 18, 3, 15, 3, 11, 13, 8, 20, 17, 14, 16, 20, 8, 12, 13, 11, 1, 10, 9, 2, 2, 6, 20, 20, 4, 2, 13, 4, 6, 16, 7, 3, 10, 18, 5, 1, 9, 10, 3, 18, 18, 2, 5
100, 100, 100, 100, 100, 100, 100, 100, 100, 100, 100, 100, 100, 100, 100, 100, 100, 100, 100, 100
0, 211, 436, 661, 880, 387, 966, 889, 204, 164, 906, 978, 199, 817, 881, 416, 647, 935, 163, 660, 948, 724, 915, 352, 923, 817, 948, 116, 839, 627, 674, 311, 849, 942, 381, 702, 994, 329, 493, 817, 271, 426, 774, 292, 601, 542, 330, 943, 151, 822, 306, 951, 997, 249, 945, 402, 742, 841, 847, 428, 867, 697, 597, 974, 259, 507, 448, 894, 882, 192, 449, 548, 115, 116, 921, 185, 952, 981, 847, 384, 752, 672, 171, 372, 527, 283, 614, 674, 795, 668, 128, 748, 990, 713, 704, 455, 151, 209, 167, 915
211, 0, 759, 227, 953, 195, 774, 384, 370, 849, 650, 449, 905, 993, 653, 766, 808, 178, 555, 469, 375, 474, 184, 935, 720, 894, 636, 579, 262, 890, 491, 558, 429, 443, 350, 206, 442, 491, 677, 465, 397, 737, 231, 113, 282, 244, 672, 729, 132, 472, 846, 503, 816, 762, 975, 715, 115, 449, 966, 482, 737, 571, 637, 589, 262, 697, 150, 878, 974, 659, 773, 887, 885, 128, 343, 424, 107, 280, 548, 525, 340, 586, 349, 145, 247, 945, 607, 883, 828, 739, 607, 207, 457, 784, 673, 648, 573, 407, 923, 906
436, 759, 0, 837, 335, 221, 564, 327, 215, 328, 421, 921, 746, 324, 188, 177, 487, 101, 940, 426, 139, 417, 245, 770, 988, 127, 705, 244, 151, 239, 490, 415, 773, 194, 721, 1000, 659, 474, 850, 968, 122, 756, 268, 270, 942, 211, 1000, 337, 181, 834, 730, 774, 509, 319, 833, 905, 295, 696, 467, 585, 873, 960, 677, 844, 473, 459, 497, 696, 117, 962, 956, 162, 235, 632, 721, 718, 517, 320, 914, 579, 380, 844, 952, 438, 286, 928, 132, 281, 415, 329, 888, 880, 995, 689, 775, 996, 309, 622, 887, 235
661, 227, 837, 0, 169, 632, 582, 727, 325, 477, 558, 715, 916, 368, 730, 268, 282, 601, 684, 733, 556, 543, 827, 768, 349, 365, 531, 130, 253, 412, 865, 395, 831, 407, 465, 776, 556, 836, 208, 210, 608, 462, 847, 450, 592, 116, 956, 787, 530, 110, 588, 183, 192, 641, 799, 270, 504, 416, 650, 732, 452, 949, 167, 102, 347, 439, 188, 433, 692, 684, 251, 535, 987, 836, 224, 414, 406, 881, 308, 902, 798, 545, 631, 205, 685, 596, 141, 229, 628, 809, 857, 813, 362, 416, 772, 719, 351, 689, 176, 119
880, 953, 335, 169, 0, 934, 774, 417, 141, 147, 313, 336, 330, 235, 664, 333, 659, 335, 633, 412, 345, 482, 506, 458, 909, 399, 291, 438, 630, 417, 175, 655, 746, 562, 515, 933, 385, 629, 286, 738, 445, 980, 224, 710, 994, 296, 605, 625, 937, 855, 115, 668, 112, 210, 719, 670, 832, 138, 397, 140, 121, 418, 821, 972, 204, 420, 297, 809, 661, 542, 340, 830, 732, 677, 447, 759, 925, 192, 1000, 511, 233, 115, 796, 121, 546, 674, 779, 203, 118, 426, 594, 447, 310, 352, 653, 106, 584, 356, 970, 991
387, 195, 221, 632, 934, 0, 586, 312, 578, 381, 106, 916, 669, 513, 767, 616, 535, 814, 600, 375, 416, 192, 584, 515, 690, 403, 321, 212, 293, 248, 599, 767, 399, 320, 664, 996, 381, 685, 309, 172, 554, 995, 233, 404, 270, 417, 879, 874, 442, 896, 837, 387, 383, 925, 644, 459, 331, 442, 376, 222, 555, 488, 164, 786, 682, 348, 833, 794, 448, 609, 900, 222, 938, 429, 615, 515, 170, 262, 940, 891, 678, 884, 571, 621, 817, 537, 789, 238, 179, 950, 274, 736, 674, 425, 199, 186, 507, 480, 955, 164
966, 774, 564, 582, 774, 586, 0, 646, 668, 986, 420, 106, 576, 440, 595, 625, 851, 401, 242, 513, 853, 708, 181, 785, 474, 381, 819, 137, 670, 995, 155, 703, 896, 144, 533, 343, 760, 365, 998, 466, 584, 327, 388, 201, 381, 494, 131, 250, 849, 641, 283, 768, 103, 637, 612, 251, 132, 944, 718, 596, 984, 906, 366, 588, 178, 869, 608, 310, 639, 566, 856, 369, 885, 715, 591, 562, 953, 828, 653, 778, 169, 361, 576, 536, 250, 438, 583, 655, 537, 621, 644, 432, 787, 429, 881, 382, 596, 182, 840, 837
889, 384, 327, 727, 417, 312, 646, 0, 900, 994, 888, 180, 926, 795, 393, 481, 653, 992, 484, 841, 180, 251, 305, 414, 407, 115, 615, 921, 740, 399, 203, 375, 139, 925, 564, 233, 438, 672, 547, 692, 755, 426, 845, 353, 454, 747, 166, 533, 448, 727, 890, 202, 509, 205, 995, 884, 384, 249, 733, 294, 567, 135, 970, 705, 139, 919, 160, 908, 351, 587, 571, 983, 977, 840, 883, 342, 561, 938, 925, 817, 648, 642, 261, 683, 288, 142, 432, 612, 838, 448, 171, 637, 233, 426, 562, 351, 321, 391, 177, 427
204, 370, 215, 325, 141, 578, 668, 900, 0, 217, 243, 861, 157, 673, 194, 339, 882, 607, 611, 964, 844, 316, 901, 201, 368, 281, 496, 834, 949, 427, 975, 169, 382, 815, 946, 221, 323, 356, 946, 213, 573, 380, 661, 563, 751, 518, 140, 359, 290, 215, 301, 743, 786, 818, 845, 243, 829, 690, 173, 868, 360, 900, 462, 456, 569, 262, 162, 378, 279, 125, 562, 738, 632, 758, 450, 691, 206, 213, 205, 322, 478, 871, 220, 183, 709, 240, 769, 461, 741, 368, 154, 838, 941, 165, 537, 309, 935, 425, 291, 385
164, 849, 328, 477, 147, 381, 986, 994, 217, 0, 139, 457, 390, 907, 828, 290, 377, 619, 424, 774, 999, 280, 881, 288, 883, 851, 256, 690, 331, 481, 510, 176, 598, 575, 192, 229, 722, 753, 582, 205, 795, 761, 393, 309, 318, 348, 529, 658, 803, 527, 886, 341, 571, 932, 867, 593, 780, 341, 716, 720, 890, 829, 952, 338, 239, 929, 412, 174, 767, 764, 150, 643, 632, 518, 233, 327, 383, 345, 537, 933, 117, 985, 871, 616, 609, 885, 238, 818, 505, 131, 889, 163, 288, 906, 655, 180, 655, 538, 522, 657
906, 650, 421, 558, 313, 106, 420, 888, 243, 139, 0, 550, 752, 441, 904, 125, 869, 858, 745, 308, 192, 984, 568, 651, 116, 401, 119, 214, 103, 961, 710, 453, 223, 773, 676, 502, 332, 340, 954, 230, 852, 395, 438, 455, 847, 992, 393, 461, 349, 546, 201, 270, 859, 931, 181, 271, 382, 286, 617, 526, 263, 256, 398, 541, 860, 757, 886, 341, 885, 848, 851, 711, 650, 513, 199, 552, 709, 636, 937, 903, 203, 319, 851, 821, 439, 788, 634, 678, 103, 247, 659, 129, 792, 293, 959, 227, 298, 859, 415, 319
978, 449, 921, 715, 336, 916, 106, 180, 861, 457, 550, 0, 373, 134, 364, 237, 625, 944, 949, 474, 820, 616, 406, 929, 318, 760, 682, 534, 775, 901, 307, 231, 876, 306, 387, 816, 337, 517, 873, 435, 356, 641, 681, 116, 332, 950, 892, 943, 335, 842, 386, 125, 266, 474, 474, 520, 945, 384, 195, 195, 244, 380, 869, 322, 892, 382, 826, 644, 403, 897, 244, 530, 651, 181, 633, 944, 738, 316, 131, 356, 605, 560, 863, 387, 440, 801, 809, 528, 750, 939, 612, 751, 964, 629, 330, 265, 369, 962, 636, 876
199, 905, 746, 916, 330, 669, 576, 926, 157, 390, 752, 373, 0, 897, 806, 333, 324, 896, 743, 644, 614, 678, 794, 166, 926, 112, 594, 821, 237, 619, 187, 174, 621, 573, 629, 843, 908, 990, 519, 399, 448, 365, 465, 996, 367, 595, 326, 433, 209, 925, 421, 324, 263, 649, 574, 809, 795, 382, 840, 427, 348, 751, 415, 707, 525, 312, 855, 648, 137, 625, 632, 492, 276, 289, 765, 768, 905, 737, 581, 378, 827, 847, 954, 378, 240, 263, 663, 249, 797, 855, 996, 997, 138, 689, 178, 697, 737, 461, 521, 489
817, 993, 324, 368, 235, 513, 440, 795, 673, 907, 441, 134, 897, 0, 940, 997, 211, 522, 561, 558, 523, 981, 550, 838, 526, 267, 545, 977, 424, 536, 767, 509, 270, 811, 162, 970, 395, 263, 510, 421, 550, 156, 379, 886, 242, 558, 503, 865, 710, 704, 212, 707, 602, 162, 333, 972, 913, 524, 851, 863, 277, 551, 365, 379, 328, 140, 961, 110, 448, 459, 167, 999, 323, 339, 432, 136, 836, 634, 465, 296, 465, 594, 950, 919, 902, 378, 974, 727, 814, 896, 413, 231, 756, 664, 946, 497, 351, 501, 331, 456
881, 653, 188, 730, 664, 767, 595, 393, 194, 828, 904, 364, 806, 940, 0, 200, 416, 718, 528, 796, 788, 331, 337, 523, 105, 664, 784, 938, 619, 198, 819, 512, 849, 621, 378, 474, 964, 467, 995, 812, 830, 736, 473, 103, 565, 419, 199, 459, 238, 998, 465, 845, 628, 252, 374, 948, 199, 585, 969, 206, 909, 378, 183, 342, 983, 749, 989, 487, 272, 636, 822, 441, 352, 733, 481, 613, 919, 776, 419, 452, 756, 345, 268, 166, 180, 592, 773, 908, 255, 849, 591, 263, 806, 267, 806, 263, 867, 311, 274, 974
416, 766, 177, 268, 333, 616, 625, 481, 339, 290, 125, 237, 333, 997, 200, 0, 619, 370, 647, 181, 501, 529, 900, 340, 246, 717, 276, 734, 891, 174, 231, 399, 229, 982, 383, 644, 165, 203, 197, 315, 484, 379, 647, 838, 842, 461, 708, 185, 620, 402, 906, 552, 797, 813, 240, 531, 593, 299, 476, 464, 316, 657, 410, 703, 519, 467, 781, 235, 386, 511, 109, 837, 595, 323, 480, 792, 867, 890, 327, 468, 510, 255, 145, 158, 649, 399, 282, 564, 716, 996, 447, 738, 652, 748, 275, 694, 165, 952, 166, 262
647, 808, 487, 282, 659, 535, 851, 653, 882, 377, 869, 625, 324, 211, 416, 619, 0, 801, 220, 874, 604, 375, 840, 717, 672, 577, 823, 136, 555, 349, 346, 724, 375, 554, 170, 710, 118, 103, 345, 438, 272, 325, 548, 503, 244, 980, 184, 481, 610, 720, 208, 363, 224, 590, 875, 694, 781, 353, 363, 443, 396, 875, 984, 106, 385, 478, 690, 765, 250, 447, 374, 592, 263, 163, 664, 832, 827, 575, 381, 591, 226, 141, 166, 597, 902, 419, 751, 693, 894, 299, 770, 439, 657, 508, 218, 688, 730, 499, 446, 446
935, 178, 101, 601, 335, 814, 401, 992, 607, 619, 858, 944, 896, 522, 718, 370, 801, 0, 554, 264, 457, 792, 224, 357, 385, 387, 492, 677, 466, 440, 551, 487, 955, 554, 367, 571, 402, 757, 629, 760, 941, 263, 950, 713, 972, 564, 951, 638, 178, 478, 733, 530, 686, 265, 186, 150, 166, 423, 169, 405, 769, 259, 198, 452, 976, 785, 551, 499, 285, 897, 134, 263, 939, 916, 700, 758, 838, 480, 793, 226, 451, 165, 951, 739, 490, 289, 654, 250, 544, 807, 246, 886, 689, 112, 913, 618, 404, 739, 328, 332
163, 555, 940, 684, 633, 600, 242, 484, 611, 424, 745, 949, 743, 561, 528, 647, 220, 554, 0, 717, 881, 989, 647, 711, 230, 983, 702, 276, 305, 813, 939, 727, 294, 109, 535, 382, 264, 228, 961, 421, 433, 794, 340, 555, 392, 989, 846, 540, 465, 491, 353, 450, 757, 790, 164, 775, 772, 628, 616, 917, 489, 139, 332, 802, 265, 665, 678, 618, 585, 600, 204, 397, 448, 850, 298, 582, 924, 729, 230, 785, 693, 775, 662, 283, 169, 515, 666, 961, 803, 688, 879, 101, 505, 551, 183, 177, 384, 836, 148, 861
660, 469, 426, 733, 412, 375, 513, 841, 964, 774, 308, 474, 644, 558, 796, 181, 874, 264, 717, 0, 590, 486, 117, 959, 914, 306, 835, 724, 222, 346, 213, 119, 276, 304, 706, 530, 412, 209, 762, 947, 487, 179, 599, 996, 156, 911, 916, 201, 319, 851, 498, 998, 435, 386, 618, 733, 787, 240, 854, 703, 242, 527, 588, 207, 342, 951, 342, 319, 708, 453, 671, 704, 826, 186, 839, 525, 724, 196, 315, 845, 300, 518, 976, 605, 691, 689, 526, 315, 333, 624, 500, 825, 460, 119, 365, 533, 956, 522, 324, 535
948, 375, 139, 556, 345, 416, 853, 180, 844, 999, 192, 820, 614, 523, 788, 501, 604, 457, 881, 590, 0, 962, 958, 475, 550, 681, 435, 741, 574, 997, 570, 107, 556, 914, 370, 918, 394, 774, 499, 1000, 165, 869, 177, 195, 540, 421, 582, 578, 355, 121, 497, 737, 659, 434, 297, 914, 341, 993, 267, 736, 883, 870, 378, 333, 220, 178, 895, 664, 306, 1000, 385, 679, 629, 631, 131, 760, 921, 742, 724, 984, 362, 326, 934, 241, 848, 585, 944, 747, 340, 563, 899, 299, 832, 199, 391, 865, 930, 661, 847, 408
724, 474, 417, 543, 482, 192, 708, 251, 316, 280, 984, 616, 678, 981, 331, 529, 375, 792, 989, 486, 962, 0, 250, 110, 431, 790, 479, 544, 388, 780, 434, 139, 788, 297, 224, 565, 548, 956, 854, 980, 714, 608, 889, 745, 426, 681, 948, 163, 334, 411, 425, 863, 117, 996, 917, 407, 564, 125, 866, 779, 794, 680, 153, 376, 661, 958, 726, 547, 152, 607, 735, 268, 922, 661, 645, 792, 876, 741, 602, 904, 303, 835, 121, 274, 616, 117, 504, 883, 179, 739, 538, 955, 333, 776, 463, 187, 345, 203, 407, 297
915, 184, 245, 827, 506, 584, 181, 305, 901, 881, 568, 406, 794, 550, 337, 900, 840, 224, 647, 117, 958, 250, 0, 425, 379, 247, 196, 674, 286, 841, 381, 242, 207, 363, 852, 815, 715, 590, 698, 248, 220, 488, 923, 799, 633, 255, 121, 677, 815, 791, 155, 600, 853, 481, 884, 936, 512, 783, 659, 682, 862, 566, 160, 748, 986, 281, 483, 869, 872, 297, 533, 844, 453, 245, 163, 130, 993, 126, 628, 850, 480, 447, 728, 547, 692, 284, 207, 830, 801, 726, 407, 745, 549, 673, 798, 127, 680, 154, 597, 514
352, 935, 770, 768, 458, 515, 785, 414, 201, 288, 651, 929, 166, 838, 523, 340, 717, 357, 711, 959, 475, 110, 425, 0, 692, 931, 252, 874, 112, 216, 422, 256, 317, 893, 886, 995, 246, 960, 534, 457, 322, 868, 486, 910, 203, 337, 419, 207, 323, 570, 199, 900, 784, 651, 428, 198, 600, 674, 114, 415, 201, 245, 115, 473, 262, 923, 358, 701, 860, 462, 616, 420, 151, 282, 404, 236, 987, 491, 507, 258, 371, 382, 507, 712, 942, 694, 895, 729, 110, 182, 622, 720, 754, 729, 210, 420, 687, 955, 506, 385
923, 720, 988, 349, 909, 690, 474, 407, 368, 883, 116, 318, 926, 526, 105, 246, 672, 385, 230, 914, 550, 431, 379, 692, 0, 497, 331, 668, 170, 883, 822, 667, 437, 289, 207, 121, 496, 993, 860, 359, 529, 643, 447, 825, 848, 561, 375, 880, 175, 965, 764, 445, 860, 501, 101, 189, 780, 995, 190, 236, 754, 841, 307, 708, 466, 563, 314, 465, 915, 242, 290, 136, 204, 737, 769, 505, 933, 876, 350, 365, 799, 520, 146, 338, 546, 723, 914, 743, 666, 605, 875, 919, 550, 518, 699, 803, 859, 354, 410, 851
817, 894, 127, 365, 399, 403, 381, 115, 281, 851, 401, 760, 112, 267, 664, 717, 577, 387, 983, 306, 681, 790, 247, 931, 497, 0, 528, 422, 338, 331, 530, 753, 101, 629, 898, 543, 460, 295, 359, 995, 363, 479, 495, 771, 612, 738, 260, 409, 156, 734, 700, 574, 105, 977, 880, 143, 434, 783, 175, 687, 165, 956, 676, 936, 948, 913, 428, 270, 187, 259, 999, 983, 897, 338, 747, 643, 476, 993, 431, 162, 459, 163, 363, 475, 700, 944, 332, 529, 150, 659, 198, 812, 595, 822, 133, 412, 629, 582, 738, 465
948, 636, 705, 531, 291, 321, 819, 615, 496, 256, 119, 682, 594, 545, 784, 276, 823, 492, 702, 835, 435, 479, 196, 252, 331, 528, 0, 722, 592, 650, 298, 922, 784, 791, 847, 187, 193, 631, 311, 956, 588, 151, 346, 267, 209, 643, 921, 752, 780, 632, 241, 863, 958, 262, 715, 665, 479, 111, 143, 233, 433, 764, 339, 329, 722, 364, 756, 764, 519, 681, 937, 787, 800, 646, 964, 789, 445, 116, 608, 853, 526, 390, 527, 473, 223, 771, 454, 723, 695, 126, 402, 306, 100, 113, 184, 674, 831, 567, 630, 727
116, 579, 244, 130, 438, 212, 137, 921, 834, 690, 214, 534, 821, 977, 938, 734, 136, 677, 276, 724, 741, 544, 674, 874, 668, 422, 722, 0, 990, 646, 238, 110, 844, 442, 747, 105, 310, 863, 189, 504, 147, 804, 469, 986, 227, 543, 451, 658, 845, 974, 207, 811, 695, 907, 691, 547, 937, 349, 257, 243, 185, 576, 305, 927, 240, 102, 702, 285, 953, 149, 968, 504, 264, 666, 217, 158, 596, 107, 734, 560, 720, 541, 847, 365, 782, 924, 553, 198, 364, 700, 386, 423, 683, 358, 564, 765, 406, 149, 146, 757
839, 262, 151, 253, 630, 293, 670, 740, 949, 331, 103, 775, 237, 424, 619, 891, 555, 466, 305, 222, 574, 388, 286, 112, 170, 338, 592, 990, 0, 355, 848, 805, 677, 616, 432, 314, 462, 716, 470, 780, 463, 553, 301, 386, 205, 516, 397, 897, 330, 656, 420, 751, 337, 756, 647, 471, 416, 713, 689, 108, 380, 407, 360, 390, 932, 430, 978, 793, 526, 979, 745, 470, 140, 832, 758, 650, 903, 264, 927, 376, 885, 708, 114, 166, 991, 495, 540, 621, 687, 503, 171, 682, 152, 304, 954, 166, 319, 868, 461, 113
627, 890, 239, 412, 417, 248, 995, 399, 427, 481, 961, 901, 619, 536, 198, 174, 349, 440, 813, 346, 997, 780, 841, 216, 883, 331, 650, 646, 355, 0, 221, 134, 898, 647, 537, 461, 145, 851, 161, 634, 162, 339, 104, 269, 701, 775, 305, 416, 168, 300, 636, 233, 999, 440, 980, 481, 230, 398, 759, 356, 874, 766, 709, 613, 760, 424, 820, 415, 105, 887, 268, 567, 175, 620, 867, 916, 418, 783, 236, 942, 201, 124, 567, 535, 581, 450, 168, 251, 811, 842, 133, 733, 574, 540, 348, 562, 352, 837, 678, 566
674, 491, 490, 865, 175, 599, 155, 203, 975, 510, 710, 307, 187, 767, 819, 231, 346, 551, 939, 213, 570, 434, 381, 422, 822, 530, 298, 238, 848, 221, 0, 766, 867, 747, 738, 165, 832, 422, 733, 289, 864, 741, 978, 201, 387, 331, 242, 623, 639, 268, 675, 321, 464, 754, 414, 967, 889, 312, 268, 176, 185, 891, 703, 161, 159, 658, 446, 359, 966, 862, 409, 942, 594, 196, 752, 596, 833, 713, 829, 567, 967, 903, 486, 661, 795, 301, 750, 550, 238, 216, 609, 602, 703, 228, 184, 723, 762, 453, 322, 770
311, 558, 415, 395, 655, 767, 703, 375, 169, 176, 453, 231, 174, 509, 512, 399, 724, 487, 727, 119, 107, 139, 242, 256, 667, 753, 922, 110, 805, 134, 766, 0, 415, 481, 351, 898, 508, 695, 720, 610, 891, 615, 860, 897, 134, 543, 946, 537, 744, 222, 925, 203, 660, 417, 154, 727, 220, 361, 826, 363, 299, 807, 312, 464, 117, 886, 265, 678, 720, 274, 998, 752, 532, 255, 940, 216, 436, 269, 954, 475, 557, 330, 241, 673, 482, 892, 684, 751, 665, 313, 233, 826, 779, 480, 745, 317, 579, 721, 358, 113
849, 429, 773, 831, 746, 399, 896, 139, 382, 598, 223, 876, 621, 270, 849, 229, 375, 955, 294, 276, 556, 788, 207, 317, 437, 101, 784, 844, 677, 898, 867, 415, 0, 710, 607, 916, 331, 291, 972, 889, 282, 186, 469, 386, 740, 481, 761, 676, 326, 661, 483, 530, 650, 881, 719, 919, 800, 392, 753, 224, 526, 352, 230, 817, 683, 656, 254, 653, 450, 765, 628, 996, 388, 690, 777, 219, 346, 905, 915, 856, 356, 577, 867, 803, 260, 603, 550, 265, 323, 660, 322, 305, 810, 602, 261, 145, 410, 179, 388, 358
942, 443, 194, 407, 562, 320, 144, 925, 815, 575, 773, 306, 573, 811, 621, 982, 554, 554, 109, 304, 914, 297, 363, 893, 289, 629, 791, 442, 616, 647, 747, 481, 710, 0, 885, 659, 687, 566, 680, 105, 286, 370, 554, 237, 774, 878, 313, 288, 486, 445, 151, 623, 586, 201, 183, 468, 767, 717, 921, 162, 242, 385, 756, 957, 690, 495, 669, 702, 762, 436, 118, 996, 117, 337, 995, 985, 639, 774, 882, 317, 421, 545, 985, 146, 595, 805, 138, 977, 879, 170, 528, 629, 768, 879, 692, 283, 863, 241, 244, 973
381, 350, 721, 465, 515, 664, 533, 564, 946, 192, 676, 387, 629, 162, 378, 383, 170, 367, 535, 706, 370, 224, 852, 886, 207, 898, 847, 747, 432, 537, 738, 351, 607, 885, 0, 110, 936, 182, 445, 782, 748, 867, 107, 288, 752, 817, 926, 473, 414, 222, 222, 878, 759, 430, 654, 654, 621, 932, 309, 788, 188, 362, 455, 405, 608, 992, 181, 437, 569, 985, 939, 806, 988, 138, 342, 310, 420, 960, 606, 564, 670, 283, 660, 935, 573, 457, 816, 391, 932, 891, 777, 887, 965, 512, 565, 817, 110, 529, 959, 110
702, 206, 1000, 776, 933, 996, 343, 233, 221, 229, 502, 816, 843, 970, 474, 644, 710, 571, 382, 530, 918, 565, 815, 995, 121, 543, 187, 105, 314, 461, 165, 898, 916, 659, 110, 0, 909, 274, 647, 373, 718, 145, 824, 551, 472, 778, 968, 391, 528, 256, 961, 320, 175, 517, 721, 696, 260, 962, 377, 662, 787, 923, 177, 868, 206, 935, 710, 393, 819, 606, 372, 772, 407, 219, 423, 827, 518, 205, 647, 286, 609, 552, 471, 258, 433, 921, 484, 176, 695, 596, 212, 462, 477, 129, 996, 746, 801, 787, 695, 509
994, 442, 659, 556, 385, 381, 760, 438, 323, 722, 332, 337, 908, 395, 964, 165, 118, 402, 264, 412, 394, 548, 715, 246, 496, 460, 193, 310, 462, 145, 832, 508, 331, 687, 936, 909, 0, 355, 588, 995, 996, 112, 241, 747, 217, 842, 354, 856, 697, 511, 327, 206, 230, 855, 839, 982, 326, 490, 591, 272, 400, 162, 667, 778, 774, 447, 589, 997, 794, 372, 946, 100, 589, 543, 183, 475, 427, 219, 700, 520, 179, 902, 961, 315, 682, 114, 950, 560, 787, 695, 596, 744, 299, 593, 499, 180, 219, 523, 109, 672
329, 491, 474, 836, 629, 685, 365, 672, 356, 753, 340, 517, 990, 263, 467, 203, 103, 757, 228, 209, 774, 956, 590, 960, 993, 295, 631, 863, 716, 851, 422, 695, 291, 566, 182, 274, 355, 0, 380, 706, 968, 352, 316, 359, 910, 508, 483, 420, 592, 767, 268, 989, 741, 721, 906, 215, 753, 728, 240, 220, 125, 720, 620, 383, 912, 339, 227, 495, 412, 536, 331, 376, 105, 608, 586, 947, 901, 126, 843, 649, 884, 999, 435, 558, 634, 773, 318, 964, 648, 230, 647, 957, 777, 734, 356, 484, 677, 189, 615, 267
493, 677, 850, 208, 286, 309, 998, 547, 946, 582, 954, 873, 519, 510, 995, 197, 345, 629, 961, 762, 499, 854, 698, 534, 860, 359, 311, 189, 470, 161, 733, 720, 972, 680, 445, 647, 588, 380, 0, 116, 776, 390, 256, 800, 219, 443, 792, 633, 620, 429, 900, 694, 586, 454, 542, 926, 615, 919, 115, 840, 160, 162, 817, 990, 679, 939, 667, 754, 147, 622, 479, 875, 983, 668, 597, 535, 308, 114, 677, 737, 565, 253, 817, 508, 982, 832, 698, 721, 283, 420, 411, 910, 987, 288, 540, 447, 276, 649, 788, 643
817, 465, 968, 210, 738, 172, 466, 692, 213, 205, 230, 435, 399, 421, 812, 315, 438, 760, 421, 947, 1000, 980, 248, 457, 359, 995, 956, 504, 780, 634, 289, 610, 889, 105, 782, 373, 995, 706, 116, 0, 374, 251, 982, 452, 137, 600, 613, 666, 120, 325, 762, 107, 900, 343, 763, 180, 825, 737, 634, 216, 290, 422, 228, 694, 358, 524, 432, 708, 305, 411, 135, 470, 503, 691, 463, 253, 760, 923, 634, 196, 540, 497, 771, 250, 682, 870, 621, 244, 909, 562, 817, 966, 300, 166, 715, 742, 157, 899, 624, 988
271, 397, 122, 608, 445, 554, 584, 755, 573, 795, 852, 356, 448, 550, 830, 484, 272, 941, 433, 487, 165, 714, 220, 322, 529, 363, 588, 147, 463, 162, 864, 891, 282, 286, 748, 718, 996, 968, 776, 374, 0, 466, 607, 874, 531, 617, 552, 833, 341, 441, 447, 856, 163, 531, 973, 235, 788, 951, 211, 837, 910, 366, 632, 743, 141, 170, 421, 371, 451, 840, 397, 310, 611, 567, 1000, 802, 198, 121, 734, 482, 441, 833, 992, 626, 566, 883, 381, 939, 922, 786, 530, 584, 862, 252, 649, 583, 980, 662, 947, 340
426, 737, 756, 462, 980, 995, 327, 426, 380, 761, 395, 641, 365, 156, 736, 379, 325, 263, 794, 179, 869, 608, 488, 868, 643, 479, 151, 804, 553, 339, 741, 615, 186, 370, 867, 145, 112, 352, 390, 251, 466, 0, 991, 531, 778, 168, 466, 102, 433, 178, 247, 592, 780, 325, 900, 196, 117, 437, 993, 455, 517, 210, 886, 989, 809, 910, 174, 921, 845, 837, 733, 329, 641, 565, 527, 566, 433, 557, 693, 863, 981, 223, 801, 423, 772, 189, 277, 833, 679, 523, 939, 705, 644, 609, 694, 809, 245, 955, 221, 741
774, 231, 268, 847, 224, 233, 388, 845, 661, 393, 438, 681, 465, 379, 473, 647, 548, 950, 340, 599, 177, 889, 923, 486, 447, 495, 346, 469, 301, 104, 978, 860, 469, 554, 107, 824, 241, 316, 256, 982, 607, 991, 0, 186, 322, 886, 662, 157, 559, 748, 205, 505, 856, 746, 213, 232, 794, 752, 409, 200, 335, 162, 733, 520, 749, 504, 951, 886, 378, 145, 121, 856, 802, 277, 996, 414, 139, 890, 367, 802, 132, 580, 563, 117, 157, 438, 413, 431, 664, 303, 831, 927, 322, 977, 847, 421, 523, 897, 508, 959
292, 113, 270, 450, 710, 404, 201, 353, 563, 309, 455, 116, 996, 886, 103, 838, 503, 713, 555, 996, 195, 745, 799, 910, 825, 771, 267, 986, 386, 269, 201, 897, 386, 237, 288, 551, 747, 359, 800, 452, 874, 531, 186, 0, 181, 881, 675, 722, 179, 831, 287, 179, 899, 729, 148, 329, 813, 952, 406, 342, 745, 108, 698, 137, 283, 854, 855, 778, 568, 367, 872, 419, 831, 188, 125, 970, 675, 760, 888, 153, 159, 912, 648, 357, 909, 272, 726, 696, 493, 801, 851, 648, 307, 399, 229, 109, 397, 138, 646, 292
601, 282, 942, 592, 994, 270, 381, 454, 751, 318, 847, 332, 367, 242, 565, 842, 244, 972, 392, 156, 540, 426, 633, 203, 848, 612, 209, 227, 205, 701, 387, 134, 740, 774, 752, 472, 217, 910, 219, 137, 531, 778, 322, 181, 0, 434, 365, 327, 524, 588, 724, 759, 733, 712, 234, 173, 971, 502, 463, 652, 411, 858, 876, 748, 795, 719, 847, 975, 525, 612, 242, 664, 434, 751, 859, 697, 608, 403, 846, 557, 199, 428, 815, 480, 973, 632, 578, 433, 430, 653, 658, 488, 567, 205, 507, 719, 538, 571, 109, 398
542, 244, 211, 116, 296, 417, 494, 747, 518, 348, 992, 950, 595, 558, 419, 461, 980, 564, 989, 911, 421, 681, 255, 337, 561, 738, 643, 543, 516, 775, 331, 543, 481, 878, 817, 778, 842, 508, 443, 600, 617, 168, 886, 881, 434, 0, 456, 523, 102, 152, 152, 670, 567, 122, 674, 699, 781, 532, 578, 583, 103, 974, 771, 186, 231, 324, 358, 282, 947, 280, 546, 374, 899, 971, 168, 295, 146, 786, 548, 234, 842, 821, 574, 297, 553, 203, 870, 245, 720, 413, 509, 452, 901, 413, 635, 748, 777, 837, 282, 641
330, 672, 1000, 956, 605, 879, 131, 166, 140, 529, 393, 892, 326, 503, 199, 708, 184, 951, 846, 916, 582, 948, 121, 419, 375, 260, 921, 451, 397, 305, 242, 946, 761, 313, 926, 968, 354, 483, 792, 613, 552, 466, 662, 675, 365, 456, 0, 605, 822, 650, 877, 151, 575, 984, 102, 518, 833, 259, 729, 444, 797, 345, 102, 244, 917, 939, 113, 421, 514, 460, 235, 611, 653, 592, 111, 425, 932, 764, 426, 831, 396, 600, 180, 375, 939, 141, 129, 801, 564, 791, 864, 844, 655, 477, 460, 789, 737, 149, 341, 911
943, 729, 337, 787, 625, 874, 250, 533, 359, 658, 461, 943, 433, 865, 459, 185, 481, 638, 540, 201, 578, 163, 677, 207, 880, 409, 752, 658, 897, 416, 623, 537, 676, 288, 473, 391, 856, 420, 633, 666, 833, 102, 157, 722, 327, 523, 605, 0, 502, 835, 514, 969, 246, 690, 555, 349, 976, 918, 589, 599, 602, 803, 869, 770, 872, 994, 387, 347, 455, 296, 202, 624, 616, 465, 635, 900, 395, 958, 469, 188, 210, 130, 903, 913, 226, 689, 310, 479, 919, 613, 115, 866, 637, 793, 750, 462, 374, 870, 695, 237
151, 132, 181, 530, 937, 442, 849, 448, 290, 803, 349, 335, 209, 710, 238, 620, 610, 178, 465, 319, 355, 334, 815, 323, 175, 156, 780, 845, 330, 168, 639, 744, 326, 486, 414, 528, 697, 592, 620, 120, 341, 433, 559, 179, 524, 102, 822, 502, 0, 655, 218, 767, 248, 497, 444, 695, 895, 234, 598, 135, 941, 431, 542, 218, 109, 990, 544, 182, 260, 644, 958, 364, 564, 446, 404, 323, 338, 343, 508, 952, 200, 884, 939, 639, 495, 682, 627, 895, 191, 721, 395, 748, 103, 479, 622, 233, 291, 800, 779, 164
822, 472, 834, 110, 855, 896, 641, 727, 215, 527, 546, 842, 925, 704, 998, 402, 720, 478, 491, 851, 121, 411, 791, 570, 965, 734, 632, 974, 656, 300, 268, 222, 661, 445, 222, 256, 511, 767, 429, 325, 441, 178, 748, 831, 588, 152, 650, 835, 655, 0, 172, 784, 939, 593, 426, 940, 376, 198, 493, 681, 547, 296, 748, 749, 260, 250, 814, 620, 410, 954, 790, 663, 129, 613, 994, 163, 509, 737, 885, 118, 722, 884, 715, 385, 168, 873, 947, 954, 224, 790, 446, 552, 133, 535, 807, 576, 100, 362, 353, 190
306, 846, 730, 588, 115, 837, 283, 890, 301, 886, 201, 386, 421, 212, 465, 906, 208, 733, 353, 498, 497, 425, 155, 199, 764, 700, 241, 207, 420, 636, 675, 925, 483, 151, 222, 961, 327, 268, 900, 762, 447, 247, 205, 287, 724, 152, 877, 514, 218, 172, 0, 628, 525, 959, 111, 232, 577, 115, 188, 249, 365, 438, 876, 990, 531, 852, 493, 249, 341, 322, 518, 591, 161, 886, 544, 323, 147, 730, 911, 606, 508, 602, 814, 161, 322, 929, 826, 301, 339, 138, 811, 759, 810, 596, 428, 182, 305, 457, 897, 993
951, 503, 774, 183, 668, 387, 768, 202, 743, 341, 270, 125, 324, 707, 845, 552, 363, 530, 450, 998, 737, 863, 600, 900, 445, 574, 863, 811, 751, 233, 321, 203, 530, 623, 878, 320, 206, 989, 694, 107, 856, 592, 505, 179, 759, 670, 151, 969, 767, 784, 628, 0, 674, 213, 154, 727, 341, 952, 595, 853, 719, 573, 352, 571, 908, 941, 544, 473, 139, 562, 272, 146, 220, 455, 326, 212, 910, 460, 623, 542, 119, 334, 271, 857, 778, 361, 216, 256, 202, 507, 641, 820, 156, 151, 570, 853, 544, 218, 558, 214
997, 816, 509, 192, 112, 383, 103, 509, 786, 571, 859, 266, 263, 602, 628, 797, 224, 686, 757, 435, 659, 117, 853, 784, 860, 105, 958, 695, 337, 999, 464, 660, 650, 586, 759, 175, 230, 741, 586, 900, 163, 780, 856, 899, 733, 567, 575, 246, 248, 939, 525, 674, 0, 803, 788, 690, 101, 471, 126, 699, 379, 457, 821, 444, 827, 936, 739, 862, 552, 154, 612, 868, 551, 379, 356, 938, 497, 886, 313, 552, 271, 262, 126, 492, 547, 968, 749, 683, 968, 150, 502, 155, 857, 483, 842, 249, 539, 884, 742, 396
249, 762, 319, 641, 210, 925, 637, 205, 818, 932, 931, 474, 649, 162, 252, 813, 590, 265, 790, 386, 434, 996, 481, 651, 501, 977, 262, 907, 756, 440, 754, 417, 881, 201, 430, 517, 855, 721, 454, 343, 531, 325, 746, 729, 712, 122, 984, 690, 497, 593, 959, 213, 803, 0, 404, 476, 785, 598, 155, 986, 558, 768, 617, 857, 464, 183, 873, 661, 440, 257, 389, 803, 698, 728, 446, 804, 338, 549, 442, 873, 864, 687, 207, 896, 224, 898, 104, 509, 980, 399, 419, 272, 857, 576, 563, 635, 365, 949, 653, 557
945, 975, 833, 799, 719, 644, 612, 995, 845, 867, 181, 474, 574, 333, 374, 240, 875, 186, 164, 618, 297, 917, 884, 428, 101, 880, 715, 691, 647, 980, 414, 154, 719, 183, 654, 721, 839, 906, 542, 763, 973, 900, 213, 148, 234, 674, 102, 555, 444, 426, 111, 154, 788, 404, 0, 692, 270, 303, 506, 226, 878, 623, 964, 485, 126, 228, 298, 415, 284, 304, 728, 191, 979, 957, 763, 176, 270, 958, 361, 147, 733, 444, 669, 965, 765, 233, 103, 902, 257, 522, 637, 407, 395, 310, 785, 336, 874, 881, 322, 793
402, 715, 905, 270, 670, 459, 251, 884, 243, 593, 271, 520, 809, 972, 948, 531, 694, 150, 775, 733, 914, 407, 936, 198, 189, 143, 665, 547, 471, 481, 967, 727, 919, 468, 654, 696, 982, 215, 926, 180, 235, 196, 232, 329, 173, 699, 518, 349, 695, 940, 232, 727, 690, 476, 692, 0, 124, 564, 827, 277, 460, 893, 354, 254, 964, 404, 318, 639, 277, 425, 170, 172, 737, 976, 649, 805, 618, 723, 567, 151, 351, 786, 838, 572, 543, 960, 117, 312, 462, 748, 137, 227, 266, 461, 835, 502, 864, 947, 133, 365
742, 115, 295, 504, 832, 331, 132, 384, 829, 780, 382, 945, 795, 913, 199, 593, 781, 166, 772, 787, 341, 564, 512, 600, 780, 434, 479, 937, 416, 230, 889, 220, 800, 767, 621, 260, 326, 753, 615, 825, 788, 117, 794, 813, 971, 781, 833, 976, 895, 376, 577, 341, 101, 785, 270, 124, 0, 510, 666, 853, 341, 153, 921, 560, 143, 526, 163, 437, 552, 561, 470, 117, 238, 421, 921, 402, 603, 894, 592, 743, 558, 218, 434, 980, 480, 944, 873, 213, 779, 261, 380, 119, 301, 118, 688, 868, 236, 715, 720, 150
841, 449, 696, 416, 138, 442, 944, 249, 690, 341, 286, 384, 382, 524, 585, 299, 353, 423, 628, 240, 993, 125, 783, 674, 995, 783, 111, 349, 713, 398, 312, 361, 392, 717, 932, 962, 490, 728, 919, 737, 951, 437, 752, 952, 502, 532, 259, 918, 234, 198, 115, 952, 471, 598, 303, 564, 510, 0, 400, 975, 530, 278, 992, 915, 441, 615, 792, 589, 295, 373, 277, 757, 262, 987, 162, 136, 326, 199, 430, 730, 814, 799, 975, 930, 917, 695, 846, 505, 832, 370, 109, 854, 370, 511, 749, 145, 142, 408, 909, 581
847, 966, 467, 650, 397, 376, 718, 733, 173, 716, 617, 195, 840, 851, 969, 476, 363, 169, 616, 854, 267, 866, 659, 114, 190, 175, 143, 257, 689, 759, 268, 826, 753, 921, 309, 377, 591, 240, 115, 634, 211, 993, 409, 406, 463, 578, 729, 589, 598, 493, 188, 595, 126, 155, 506, 827, 666, 400, 0, 637, 697, 531, 698, 229, 400, 520, 489, 322, 626, 705, 631, 267, 912, 174, 315, 749, 503, 430, 442, 260, 748, 452, 225, 532, 677, 174, 844, 968, 633, 297, 403, 281, 515, 267, 877, 180, 968, 163, 946, 944
428, 482, 585, 732, 140, 222, 596, 294, 868, 720, 526, 195, 427, 863, 206, 464, 443, 405, 917, 703, 736, 779, 682, 415, 236, 687, 233, 243, 108, 356, 176, 363, 224, 162, 788, 662, 272, 220, 840, 216, 837, 455, 200, 342, 652, 583, 444, 599, 135, 681, 249, 853, 699, 986, 226, 277, 853, 975, 637, 0, 480, 770, 841, 920, 587, 875, 701, 550, 374, 995, 263, 226, 800, 826, 801, 181, 537, 837, 948, 404, 891, 639, 690, 206, 456, 624, 358, 211, 537, 483, 920, 542, 967, 873, 535, 416, 930, 181, 126, 402
867, 737, 873, 452, 121, 555, 984, 567, 360, 890, 263, 244, 348, 277, 909, 316, 396, 769, 489, 242, 883, 794, 862, 201, 754, 165, 433, 185, 380, 874, 185, 299, 526, 242, 188, 787, 400, 125, 160, 290, 910, 517, 335, 745, 411, 103, 797, 602, 941, 547, 365, 719, 379, 558, 878, 460, 341, 530, 697, 480, 0, 895, 710, 571, 612, 750, 366, 717, 252, 228, 933, 108, 571, 523, 157, 972, 498, 820, 927, 311, 247, 989, 981, 683, 168, 158, 553, 253, 194, 330, 142, 750, 261, 197, 228, 729, 561, 945, 557, 460
697, 571, 960, 949, 418, 488, 906, 135, 900, 829, 256, 380, 751, 551, 378, 657, 875, 259, 139, 527, 870, 680, 566, 245, 841, 956, 764, 576, 407, 766, 891, 807, 352, 385, 362, 923, 162, 720, 162, 422, 366, 210, 162, 108, 858, 974, 345, 803, 431, 296, 438, 573, 457, 768, 623, 893, 153, 278, 531, 770, 895, 0, 820, 373, 995, 769, 131, 915, 932, 871, 302, 780, 112, 818, 900, 167, 293, 386, 945, 854, 757, 538, 886, 141, 979, 840, 633, 483, 706, 153, 733, 947, 371, 400, 226, 715, 155, 687, 290, 363
597, 637, 677, 167, 821, 164, 366, 970, 462, 952, 398, 869, 415, 365, 183, 410, 984, 198, 332, 588, 378, 153, 160, 115, 307, 676, 339, 305, 360, 709, 703, 312, 230, 756, 455, 177, 667, 620, 817, 228, 632, 886, 733, 698, 876, 771, 102, 869, 542, 748, 876, 352, 821, 617, 964, 354, 921, 992, 698, 841, 710, 820, 0, 816, 199, 978, 805, 696, 838, 848, 130, 910, 404, 830, 654, 231, 206, 835, 842, 676, 871, 983, 401, 932, 318, 196, 708, 871, 451, 710, 527, 226, 502, 101, 627, 161, 190, 961, 229, 487
974, 589, 844, 102, 972, 786, 588, 705, 456, 338, 541, 322, 707, 379, 342, 703, 106, 452, 802, 207, 333, 376, 748, 473, 708, 936, 329, 927, 390, 613, 161, 464, 817, 957, 405, 868, 778, 383, 990, 694, 743, 989, 520, 137, 748, 186, 244, 770, 218, 749, 990, 571, 444, 857, 485, 254, 560, 915, 229, 920, 571, 373, 816, 0, 375, 462, 473, 554, 344, 801, 833, 381, 172, 275, 965, 545, 745, 101, 968, 940, 385, 454, 870, 493, 571, 768, 651, 878, 774, 445, 854, 995, 330, 524, 994, 945, 870, 596, 627, 795
259, 262, 473, 347, 204, 682, 178, 139, 569, 239, 860, 892, 525, 328, 983, 519, 385, 976, 265, 342, 220, 661, 986, 262, 466, 948, 722, 240, 932, 760, 159, 117, 683, 690, 608, 206, 774, 912, 679, 358, 141, 809, 749, 283, 795, 231, 917, 872, 109, 260, 531, 908, 827, 464, 126, 964, 143, 441, 400, 587, 612, 995, 199, 375, 0, 173, 333, 753, 492, 116, 838, 596, 874, 761, 834, 926, 633, 278, 794, 540, 782, 972, 676, 192, 384, 116, 398, 100, 260, 928, 892, 836, 762, 514, 845, 920, 598, 397, 872, 956
507, 697, 459, 439, 420, 348, 869, 919, 262, 929, 757, 382, 312, 140, 749, 467, 478, 785, 665, 951, 178, 958, 281, 923, 563, 913, 364, 102, 430, 424, 658, 886, 656, 495, 992, 935, 447, 339, 939, 524, 170, 910, 504, 854, 719, 324, 939, 994, 990, 250, 852, 941, 936, 183, 228, 404, 526, 615, 520, 875, 750, 769, 978, 462, 173, 0, 948, 750, 929, 557, 633, 834, 510, 122, 119, 202, 108, 873, 340, 610, 529, 959, 578, 518, 633, 645, 330, 344, 492, 570, 402, 745, 400, 943, 578, 173, 721, 966, 907, 283
448, 150, 497, 188, 297, 833, 608, 160, 162, 412, 886, 826, 855, 961, 989, 781, 690, 551, 678, 342, 895, 726, 483, 358, 314, 428, 756, 702, 978, 820, 446, 265, 254, 669, 181, 710, 589, 227, 667, 432, 421, 174, 951, 855, 847, 358, 113, 387, 544, 814, 493, 544, 739, 873, 298, 318, 163, 792, 489, 701, 366, 131, 805, 473, 333, 948, 0, 344, 700, 619, 854, 720, 523, 836, 789, 570, 703, 469, 589, 832, 705, 124, 637, 604, 273, 163, 758, 720, 203, 777, 801, 195, 670, 347, 462, 676, 417, 329, 329, 199
894, 878, 696, 433, 809, 794, 310, 908, 378, 174, 341, 644, 648, 110, 487, 235, 765, 499, 618, 319, 664, 547, 869, 701, 465, 270, 764, 285, 793, 415, 359, 678, 653, 702, 437, 393, 997, 495, 754, 708, 371, 921, 886, 778, 975, 282, 421, 347, 182, 620, 249, 473, 862, 661, 415, 639, 437, 589, 322, 550, 717, 915, 696, 554, 753, 750, 344, 0, 847, 669, 924, 451, 726, 514, 151, 101, 278, 798, 450, 693, 219, 598, 471, 444, 925, 865, 235, 521, 390, 762, 459, 419, 169, 927, 776, 848, 675, 588, 383, 945
882, 974, 117, 692, 661, 448, 639, 351, 279, 767, 885, 403, 137, 448, 272, 386, 250, 285, 585, 708, 306, 152, 872, 860, 915, 187, 519, 953, 526, 105, 966, 720, 450, 762, 569, 819, 794, 412, 147, 305, 451, 845, 378, 568, 525, 947, 514, 455, 260, 410, 341, 139, 552, 440, 284, 277, 552, 295, 626, 374, 252, 932, 838, 344, 492, 929, 700, 847, 0, 209, 954, 586, 866, 508, 709, 642, 869, 515, 630, 622, 107, 606, 257, 275, 876, 899, 791, 632, 607, 543, 637, 713, 229, 967, 952, 486, 772, 714, 927, 653
192, 659, 962, 684, 542, 609, 566, 587, 125, 764, 848, 897, 625, 459, 636, 511, 447, 897, 600, 453, 1000, 607, 297, 462, 242, 259, 681, 149, 979, 887, 862, 274, 765, 436, 985, 606, 372, 536, 622, 411, 840, 837, 145, 367, 612, 280, 460, 296, 644, 954, 322, 562, 154, 257, 304, 425, 561, 373, 705, 995, 228, 871, 848, 801, 116, 557, 619, 669, 209, 0, 275, 984, 107, 418, 891, 114, 622, 181, 172, 611, 576, 498, 442, 465, 834, 876, 592, 763, 880, 939, 500, 205, 914, 332, 560, 159, 584, 778, 541, 336
449, 773, 956, 251, 340, 900, 856, 571, 562, 150, 851, 244, 632, 167, 822, 109, 374, 134, 204, 671, 385, 735, 533, 616, 290, 999, 937, 968, 745, 268, 409, 998, 628, 118, 939, 372, 946, 331, 479, 135, 397, 733, 121, 872, 242, 546, 235, 202, 958, 790, 518, 272, 612, 389, 728, 170, 470, 277, 631, 263, 933, 302, 130, 833, 838, 633, 854, 924, 954, 275, 0, 968, 696, 681, 168, 450, 641, 570, 300, 413, 896, 205, 234, 302, 201, 169, 270, 753, 678, 355, 640, 551, 169, 139, 167, 663, 868, 241, 825, 886
548, 887, 162, 535, 830, 222, 369, 983, 738, 643, 711, 530, 492, 999, 441, 837, 592, 263, 397, 704, 679, 268, 844, 420, 136, 983, 787, 504, 470, 567, 942, 752, 996, 996, 806, 772, 100, 376, 875, 470, 310, 329, 856, 419, 664, 374, 611, 624, 364, 663, 591, 146, 868, 803, 191, 172, 117, 757, 267, 226, 108, 780, 910, 381, 596, 834, 720, 451, 586, 984, 968, 0, 627, 716, 148, 934, 363, 380, 642, 634, 930, 467, 409, 704, 333, 248, 741, 742, 950, 342, 582, 962, 425, 848, 989, 575, 926, 530, 279, 201
115, 885, 235, 987, 732, 938, 885, 977, 632, 632, 650, 651, 276, 323, 352, 595, 263, 939, 448, 826, 629, 922, 453, 151, 204, 897, 800, 264, 140, 175, 594, 532, 388, 117, 988, 407, 589, 105, 983, 503, 611, 641, 802, 831, 434, 899, 653, 616, 564, 129, 161, 220, 551, 698, 979, 737, 238, 262, 912, 800, 571, 112, 404, 172, 874, 510, 523, 726, 866, 107, 696, 627, 0, 468, 489, 380, 927, 590, 855, 287, 258, 521, 858, 609, 110, 270, 587, 160, 692, 192, 291, 300, 216, 161, 192, 898, 944, 358, 691, 330
116, 128, 632, 836, 677, 429, 715, 840, 758, 518, 513, 181, 289, 339, 733, 323, 163, 916, 850, 186, 631, 661, 245, 282, 737, 338, 646, 666, 832, 620, 196, 255, 690, 337, 138, 219, 543, 608, 668, 691, 567, 565, 277, 188, 751, 971, 592, 465, 446, 613, 886, 455, 379, 728, 957, 976, 421, 987, 174, 826, 523, 818, 830, 275, 761, 122, 836, 514, 508, 418, 681, 716, 468, 0, 262, 776, 614, 396, 696, 928, 523, 695, 596, 676, 949, 790, 885, 776, 334, 930, 739, 193, 154, 422, 302, 911, 784, 584, 446, 436
921, 343, 721, 224, 447, 615, 591, 883, 450, 233, 199, 633, 765, 432, 481, 480, 664, 700, 298, 839, 131, 645, 163, 404, 769, 747, 964, 217, 758, 867, 752, 940, 777, 995, 342, 423, 183, 586, 597, 463, 1000, 527, 996, 125, 859, 168, 111, 635, 404, 994, 544, 326, 356, 446, 763, 649, 921, 162, 315, 801, 157, 900, 654, 965, 834, 119, 789, 151, 709, 891, 168, 148, 489, 262, 0, 365, 212, 376, 813, 645, 569, 339, 160, 665, 203, 993, 662, 274, 183, 201, 683, 282, 377, 370, 318, 744, 696, 929, 458, 750
185, 424, 718, 414, 759, 515, 562, 342, 691, 327, 552, 944, 768, 136, 613, 792, 832, 758, 582, 525, 760, 792, 130, 236, 505, 643, 789, 158, 650, 916, 596, 216, 219, 985, 310, 827, 475, 947, 535, 253, 802, 566, 414, 970, 697, 295, 425, 900, 323, 163, 323, 212, 938, 804, 176, 805, 402, 136, 749, 181, 972, 167, 231, 545, 926, 202, 570, 101, 642, 114, 450, 934, 380, 776, 365, 0, 303, 708, 216, 541, 126, 290, 268, 112, 961, 823, 175, 737, 294, 624, 188, 293, 698, 194, 754, 259, 372, 280, 869, 582
952, 107, 517, 406, 925, 170, 953, 561, 206, 383, 709, 738, 905, 836, 919, 867, 827, 838, 924, 724, 921, 876, 993, 987, 933, 476, 445, 596, 903, 418, 833, 436, 346, 639, 420, 518, 427, 901, 308, 760, 198, 433, 139, 675, 608, 146, 932, 395, 338, 509, 147, 910, 497, 338, 270, 618, 603, 326, 503, 537, 498, 293, 206, 745, 633, 108, 703, 278, 869, 622, 641, 363, 927, 614, 212, 303, 0, 355, 619, 631, 940, 817, 344, 162, 905, 912, 796, 854, 312, 984, 128, 204, 998, 186, 212, 713, 939, 941, 444, 130
981, 280, 320, 881, 192, 262, 828, 938, 213, 345, 636, 316, 737, 634, 776, 890, 575, 480, 729, 196, 742, 741, 126, 491, 876, 993, 116, 107, 264, 783, 713, 269, 905, 774, 960, 205, 219, 126, 114, 923, 121, 557, 890, 760, 403, 786, 764, 958, 343, 737, 730, 460, 886, 549, 958, 723, 894, 199, 430, 837, 820, 386, 835, 101, 278, 873, 469, 798, 515, 181, 570, 380, 590, 396, 376, 708, 355, 0, 598, 730, 664, 914, 544, 970, 746, 445, 706, 349, 890, 801, 749, 860, 473, 742, 738, 300, 559, 516, 247, 778
847, 548, 914, 308, 1000, 940, 653, 925, 205, 537, 937, 131, 581, 465, 419, 327, 381, 793, 230, 315, 724, 602, 628, 507, 350, 431, 608, 734, 927, 236, 829, 954, 915, 882, 606, 647, 700, 843, 677, 634, 734, 693, 367, 888, 846, 548, 426, 469, 508, 885, 911, 623, 313, 442, 361, 567, 592, 430, 442, 948, 927, 945, 842, 968, 794, 340, 589, 450, 630, 172, 300, 642, 855, 696, 813, 216, 619, 598, 0, 290, 718, 287, 871, 593, 796, 849, 197, 718, 568, 646, 947, 588, 143, 757, 319, 167, 603, 782, 514, 184
